Note (Morgan Mitchell) The below was graciously provided by Marianna Safronova <msafrono@udel.edu> on 13 Jan 2016 

Final results for absolute values of theoretical REDUCED electric-dipole matrix elements
in atomic units (DIP-FINAL). Their estimated uncertanty is given in % in the last column
for some transitions. Energies are given  in cm-1.
Note that some more accurate expt. and derived from expt. 5s-5p and 4d-5p values have been published. 

Transitions are labeled by the principle quantum number n and relativistic
quatum number kappa (k) that has the following values
k=-1  s
k= 1  p1/2
k=-2 p3/2
k= 2 d3/2
k=-3 d5/2
k= 3 f5/2
k=-4 f7/2
 
   TRANSITIOM       deltaE      E1(NIST)    E2(NIST)    DIP-SD    DIP-FINAL error
   n1 k1   n2  k2
   5  -1   5   1   12578.950  -33690.800  -21111.850    4.2199    4.2535    0.79       
   5  -1   5  -2   12816.545  -33690.800  -20874.255    5.9550    6.0031    0.80       
   5  -2   4  -3    6538.658  -20874.255  -14335.597   10.8149   10.8894    0.53       
   5   1   4   2    6776.699  -21111.850  -14335.151    7.9802    8.0369    0.53       
   5  -2   4   2    6539.104  -20874.255  -14335.151    3.6029    3.6276    0.55       
   5   1   6  -1    7553.560  -21111.850  -13558.290    4.1187    4.1451    0.23       
   5  -2   6  -1    7315.965  -20874.255  -13558.290    6.0145    6.0472    0.21       
   5  -1   6   1   23715.081  -33690.800   -9975.719    0.3335    0.3335    0.00       
   4   2   6   1    4359.432  -14335.151   -9975.719    5.1356    5.1880    3.16       
   6  -1   6   1    3582.571  -13558.290   -9975.719    9.6839    9.7210    0.25       
   5  -1   6  -2   23792.591  -33690.800   -9898.209    0.5409    0.5409    0.00       
   5  -1   6  -2   23792.591  -33690.800   -9898.209    0.6055    0.5409    0.00       
   4  -3   6  -2    4437.388  -14335.597   -9898.209    6.7229    6.7995    3.18       
   4   2   6  -2    4436.942  -14335.151   -9898.209    2.2407    2.2652    3.23       
   6  -1   6  -2    3660.081  -13558.290   -9898.209   13.5918   13.6468    0.25       
   5   1   5   2   13121.586  -21111.850   -7990.264    1.3811    1.3626    0.68       
   5  -2   5   2   12883.991  -20874.255   -7990.264    0.6809    0.6707    0.76       
   6   1   5   2    1985.455   -9975.719   -7990.264   18.1341   18.1955    0.48       
   6  -2   5   2    1907.945   -9898.209   -7990.264    8.1778    8.2046    0.33  
     
   5  -2   5  -3   12886.953  -20874.255   -7987.302    2.0291    1.9994    0.74  
     
   6  -2   5  -3    1910.907   -9898.209   -7987.302   24.5410   24.6208    0.32       
   5   1   7  -1   13732.487  -21111.850   -7379.363    0.9543    0.9527    0.57       
   5  -2   7  -1   13494.892  -20874.255   -7379.363    1.3521    1.3498    0.59       
   6   1   7  -1    2596.356   -9975.719   -7379.363    9.1896    9.2258    0.18       
   6  -2   7  -1    2518.846   -9898.209   -7379.363   13.3529   13.3959    0.15       
   4  -3   4  -4    7436.889  -14335.597   -6898.708   12.3108   12.4601    1.88       
   5  -3   4  -4    1088.594   -7987.302   -6898.708   30.2657   30.3160    0.21       
   4  -3   4   3    7436.915  -14335.597   -6898.682    2.7527    2.7861    1.88       
   4   2   4   3    7436.469  -14335.151   -6898.682   10.2963   10.4185    1.91       
   5   2   4   3    1091.582   -7990.264   -6898.682   25.3138   25.3569    0.22       
   5  -3   4   3    1088.620   -7987.302   -6898.682    6.7677    6.7789    0.21       
   5  -1   7   1   27835.020  -33690.800   -5855.780    0.1150    0.1150    0.00       
   5  -1   7   1   27835.020  -33690.800   -5855.780    0.1418    0.1150    0.00       
   4   2   7   1    8479.371  -14335.151   -5855.780    1.0909    1.0914    0.68       
   6  -1   7   1    7702.510  -13558.290   -5855.780    0.9996    0.9915    1.81       
   5   2   7   1    2134.484   -7990.264   -5855.780   10.3910   10.5573    2.39       
   7  -1   7   1    1523.583   -7379.363   -5855.780   16.8435   16.8881    0.24       
   5  -1   7  -2   27870.110  -33690.800   -5820.690    0.2024    0.2024    0.00       
   5  -1   7  -2   27870.110  -33690.800   -5820.690    0.2373    0.2024    0.00       
   4  -3   7  -2    8514.907  -14335.597   -5820.690    1.4641    1.4656    0.82       
   4   2   7  -2    8514.461  -14335.151   -5820.690    0.4880    0.4884    0.85       
   6  -1   7  -2    7737.600  -13558.290   -5820.690    1.5399    1.5399    1.60       
   5   2   7  -2    2169.574   -7990.264   -5820.690    4.5186    4.5955    2.46       
   5  -3   7  -2    2166.612   -7987.302   -5820.690   13.5920   13.8188    2.37       
   7  -1   7  -2    1558.673   -7379.363   -5820.690   23.5865   23.6546    0.24       
   5   1   6   2   16108.177  -21111.850   -5003.673    1.0967    1.0816    1.56       
   5  -2   6   2   15870.582  -20874.255   -5003.673    0.5207    0.5132    1.51       
   6   1   6   2    4972.046   -9975.719   -5003.673    1.6374    1.5946    4.35       
   6  -2   6   2    4894.536   -9898.209   -5003.673    0.8515    0.8288    3.97       
   4   3   6   2    1895.009   -6898.682   -5003.673    9.5075    9.3467    0.65       
   7   1   6   2     852.107   -5855.780   -5003.673   31.3546   31.4153    0.14       
   7  -2   6   2     817.017   -5820.690   -5003.673   14.1385   14.1646    0.14       
   5  -2   6  -3   15872.845  -20874.255   -5001.410    1.5523    1.5313    1.38       
   6  -2   6  -3    4896.799   -9898.209   -5001.410    2.5166    2.4534    3.70       
   4  -4   6  -3    1897.298   -6898.708   -5001.410   11.3240   11.1373    0.63       
   4   3   6  -3    1897.272   -6898.682   -5001.410    2.5322    2.4904    0.63       
   7  -2   6  -3     819.280   -5820.690   -5001.410   42.4129   42.4914    0.13       
   5   1   8  -1   16467.866  -21111.850   -4643.984    0.5037    0.5022    0.64       
   5  -2   8  -1   16230.271  -20874.255   -4643.984    0.7098    0.7077    0.66       
   6   1   8  -1    5331.735   -9975.719   -4643.984    1.8532    1.8510    0.58       
   6  -2   8  -1    5254.225   -9898.209   -4643.984    2.6001    2.5974    0.60       
   7   1   8  -1    1211.796   -5855.780   -4643.984   15.9838   15.9838    0.00       
   7  -2   8  -1    1176.706   -5820.690   -4643.984   23.1723   23.2265    0.16       
   4  -3   5  -4    9922.565  -14335.597   -4413.032    5.4948    5.5182    0.82       
   5  -3   5  -4    3574.270   -7987.302   -4413.032   10.8573   11.2382    2.85       
   6  -3   5  -4     588.378   -5001.410   -4413.032   55.0952   55.2670    0.19       
   4  -3   5   3    9922.584  -14335.597   -4413.013    1.2287    1.2339    0.82       
   4   2   5   3    9922.138  -14335.151   -4413.013    4.5951    4.6143    0.84       
   5   2   5   3    3577.251   -7990.264   -4413.013    9.0488    9.3713    2.99       
   5  -3   5   3    3574.289   -7987.302   -4413.013    2.4276    2.5129    2.86       
   6   2   5   3     590.660   -5003.673   -4413.013   46.0713   46.2203    0.20       
   6  -3   5   3     588.397   -5001.410   -4413.013   12.3197   12.3581    0.19       
   5  -1   8   1   29834.940  -33690.800   -3855.860    0.0783    0.0596    0.00       
   4   2   8   1   10479.291  -14335.151   -3855.860    0.5551    0.5548    0.40       
   6  -1   8   1    9702.430  -13558.290   -3855.860    0.3927    0.3927    0.00       
   5   2   8   1    4134.404   -7990.264   -3855.860    2.4613    2.4628    0.23       
   7  -1   8   1    3523.503   -7379.363   -3855.860    1.8653    1.8577    0.99       
   6   2   8   1    1147.813   -5003.673   -3855.860   17.4302   17.6978    1.62       
   8  -1   8   1     788.124   -4643.984   -3855.860   25.8296   25.8796    0.24       
   5  -1   8  -2   29853.790  -33690.800   -3837.010    0.1355    0.1110    0.00       
   4  -3   8  -2   10498.587  -14335.597   -3837.010    0.7475    0.7475    0.54       
   4   2   8  -2   10498.141  -14335.151   -3837.010    0.2492    0.2491    0.57       
   6  -1   8  -2    9721.280  -13558.290   -3837.010    0.6286    0.6286    0.00       
   5   2   8  -2    4153.254   -7990.264   -3837.010    1.0943    1.0960    0.37       
   5  -3   8  -2    4150.292   -7987.302   -3837.010    3.2870    3.2920    0.33       
   7  -1   8  -2    3542.353   -7379.363   -3837.010    2.8330    2.8192    0.89       
   6   2   8  -2    1166.663   -5003.673   -3837.010    7.5714    7.6952    1.68       
   6  -3   8  -2    1164.400   -5001.410   -3837.010   22.8012   23.1562    1.57       
   8  -1   8  -2     806.974   -4643.984   -3837.010   36.1213   36.2000    0.24       
   5   1   7   2   17701.163  -21111.850   -3410.687    0.8074    0.7977    0.97       
   5  -2   7   2   17463.568  -20874.255   -3410.687    0.3793    0.3745    0.91       
   6   1   7   2    6565.032   -9975.719   -3410.687    1.3633    1.3380    1.98       
   6  -2   7   2    6487.522   -9898.209   -3410.687    0.6658    0.6530    1.91       
   7   1   7   2    2445.093   -5855.780   -3410.687    1.8402    1.7766    4.97       
   7  -2   7   2    2410.003   -5820.690   -3410.687    1.0089    0.9748    4.08       
   5  -2   7  -3   17465.075  -20874.255   -3409.180    1.1310    1.1179    0.87       
   6  -2   7  -3    6489.029   -9898.209   -3409.180    1.9769    1.9418    1.73       
   7  -2   7  -3    2411.510   -5820.690   -3409.180    2.9576    2.8656    4.03       
   5   1   9  -1   17920.081  -21111.850   -3191.769    0.3326    0.3314    0.67       
   5  -2   9  -1   17682.486  -20874.255   -3191.769    0.4677    0.4677    0.00       
   6   1   9  -1    6783.950   -9975.719   -3191.769    0.9364    0.9347    0.64       
   6  -2   9  -1    6706.440   -9898.209   -3191.769    1.3056    1.3056    0.00       
   7   1   9  -1    2664.011   -5855.780   -3191.769    3.0018    2.9978    0.58       
   7  -2   9  -1    2628.921   -5820.690   -3191.769    4.1902    4.1857    0.60       
   8   1   9  -1     664.091   -3855.860   -3191.769   24.5174   24.5832    0.21       
   8  -2   9  -1     645.241   -3837.010   -3191.769   35.4959   35.5712    0.19       
   4  -3   6  -4   11272.759  -14335.597   -3062.838    3.3713    3.3765    0.58       
   5  -3   6  -4    4924.464   -7987.302   -3062.838    6.0231    6.1398    1.58       
   6  -3   6  -4    1938.572   -5001.410   -3062.838    9.8799   10.4426    2.94       
   4  -3   6   3   11272.775  -14335.597   -3062.822    0.7538    0.7550    0.58       
   4   2   6   3   11272.329  -14335.151   -3062.822    2.8192    2.8234    0.61       
   5   2   6   3    4927.442   -7990.264   -3062.822    5.0260    5.1249    1.66       
   5  -3   6   3    4924.480   -7987.302   -3062.822    1.3467    1.3729    1.58       
   6   2   6   3    1940.851   -5003.673   -3062.822    8.1899    8.6758    3.21       
   6  -3   6   3    1938.588   -5001.410   -3062.822    2.2090    2.3350    2.96       
 
   5  -1   9   1   30958.910  -33690.800   -2731.890    0.0517    0.0374    0.00       
   4   2   9   1   11603.261  -14335.151   -2731.890    0.3599    0.3599    0.00       
   6  -1   9   1   10826.400  -13558.290   -2731.890    0.2219    0.2219    1.82       
   5   2   9   1    5258.374   -7990.264   -2731.890    1.2617    1.2617    0.00       
   7  -1   9   1    4647.473   -7379.363   -2731.890    0.7509    0.7509    0.00       
   6   2   9   1    2271.783   -5003.673   -2731.890    4.2387    4.2398    0.40       
   8  -1   9   1    1912.094   -4643.984   -2731.890    2.9492    2.9402    0.87       
   9  -1   9   1     459.879   -3191.769   -2731.890   36.6646   36.7230    0.23       
   
   5  -1   9  -2   30970.190  -33690.800   -2720.610    0.0914    0.0727    0.00       
   4  -3   9  -2   11614.987  -14335.597   -2720.610    0.4852    0.4852    0.00       
   4   2   9  -2   11614.541  -14335.151   -2720.610    0.1617    0.1617    0.00       
   6  -1   9  -2   10837.680  -13558.290   -2720.610    0.3633    0.3633    1.80       
   5   2   9  -2    5269.654   -7990.264   -2720.610    0.5633    0.5633    0.00       
   5  -3   9  -2    5266.692   -7987.302   -2720.610    1.6914    1.6914    0.00       
   7  -1   9  -2    4658.753   -7379.363   -2720.610    1.1747    1.1747    1.22       
   6   2   9  -2    2283.063   -5003.673   -2720.610    1.8819    1.8842    0.40       
   6  -3   9  -2    2280.800   -5001.410   -2720.610    5.6547    5.6610    0.40       
   8  -1   9  -2    1923.374   -4643.984   -2720.610    4.4472    4.4303    0.79       
   9  -1   9  -2     471.159   -3191.769   -2720.610   51.2278   51.3224    0.23       
 
   5   1   8   2   18642.490  -21111.850   -2469.360    0.6190    0.6125    0.72       
   5  -2   8   2   18404.895  -20874.255   -2469.360    0.2894    0.2862    0.67       
   6   1   8   2    7506.359   -9975.719   -2469.360    1.0288    1.0132    1.27       
   6  -2   8   2    7428.849   -9898.209   -2469.360    0.4942    0.4864    1.24       
   7   1   8   2    3386.420   -5855.780   -2469.360    1.6077    1.5721    1.96       
   7  -2   8   2    3351.330   -5820.690   -2469.360    0.8052    0.7869    1.79       
   5  -2   8  -3   18405.908  -20874.255   -2468.347    0.8630    0.8545    0.64       
   6  -2   8  -3    7429.862   -9898.209   -2468.347    1.4692    1.4483    1.09       
   7  -2   8  -3    3352.343   -5820.690   -2468.347    2.3815    2.3326    1.68       
   5   1  10  -1   18783.381  -21111.850   -2328.469    0.2438    0.2429    0.68       
   5  -2  10  -1   18545.786  -20874.255   -2328.469    0.3425    0.3425    0.00       
   6   1  10  -1    7647.250   -9975.719   -2328.469    0.6071    0.6059    0.66       
   6  -2  10  -1    7569.740   -9898.209   -2328.469    0.8446    0.8446    0.00       
   7   1  10  -1    3527.311   -5855.780   -2328.469    1.4738    1.4713    0.65       
   7  -2  10  -1    3492.221   -5820.690   -2328.469    2.0430    2.0405    0.66       
   8   1  10  -1    1527.391   -3855.860   -2328.469    4.4017    4.3943    0.59       
   8  -2  10  -1    1508.541   -3837.010   -2328.469    6.1248    6.1163    0.62       
   9   1  10  -1     403.421   -2731.890   -2328.469   34.7962   34.8755    0.21       
   9  -2  10  -1     392.141   -2720.610   -2328.469   50.3324   50.4205    0.19       
   4  -3   7  -4   12086.515  -14335.597   -2249.082    2.3757    2.3757    0.00       
   5  -3   7  -4    5738.220   -7987.302   -2249.082    3.9994    3.8953    4.36       
   6  -3   7  -4    2752.328   -5001.410   -2249.082    6.1619    6.3662    1.59       
   4  -3   7   3   12086.527  -14335.597   -2249.070    0.5312    0.5312    0.00       
   4   2   7   3   12086.081  -14335.151   -2249.070    1.9866    1.9866    1.16       
   5   2   7   3    5741.194   -7990.264   -2249.070    3.3389    3.2459    4.59       
   5  -3   7   3    5738.232   -7987.302   -2249.070    0.8942    0.8710    4.36       
   6   2   7   3    2754.603   -5003.673   -2249.070    5.1238    5.3004    1.75       
   6  -3   7   3    2752.340   -5001.410   -2249.070    1.3777    1.4236    1.61       
   5  -1  10   1   31653.850  -33690.800   -2036.950    0.0376    0.0262    0.00       
   4   2  10   1   12298.201  -14335.151   -2036.950    0.2613    0.2613    0.00       
   6  -1  10   1   11521.340  -13558.290   -2036.950    0.1481    0.1481    1.82       
   5   2  10   1    5953.314   -7990.264   -2036.950    0.8186    0.8186    0.00       
   7  -1  10   1    5342.413   -7379.363   -2036.950    0.4297    0.4275    1.31       
   6   2  10   1    2966.723   -5003.673   -2036.950    2.1651    2.1616    0.36       
   8  -1  10   1    2607.034   -4643.984   -2036.950    1.1969    1.1969    0.00       
   9  -1  10   1    1154.819   -3191.769   -2036.950    4.2539    4.2437    0.81       
  10  -1  10   1     291.519   -2328.469   -2036.950   49.3551   49.4217    0.22       
   5  -1  10  -2   31661.160  -33690.800   -2029.640    0.0675    0.0525    0.00       
   4  -3  10  -2   12305.957  -14335.597   -2029.640    0.3524    0.3524    0.00       
   4   2  10  -2   12305.511  -14335.151   -2029.640    0.1175    0.1175    0.00       
   6  -1  10  -2   11528.650  -13558.290   -2029.640    0.2462    0.2462    1.82       
   5   2  10  -2    5960.624   -7990.264   -2029.640    0.3660    0.3660    0.00       
   5  -3  10  -2    5957.662   -7987.302   -2029.640    1.0989    1.0989    0.00       
   7  -1  10  -2    5349.723   -7379.363   -2029.640    0.6838    0.6797    0.83       
   6   2  10  -2    2974.033   -5003.673   -2029.640    0.9655    0.9648    0.37       
   6  -3  10  -2    2971.770   -5001.410   -2029.640    2.8998    2.8975    0.37       
   8  -1  10  -2    2614.344   -4643.984   -2029.640    1.8518    1.8449    1.06       
   9  -1  10  -2    1162.129   -3191.769   -2029.640    6.3867    6.3677    0.73       
  10  -1  10  -2     298.829   -2328.469   -2029.640   68.9149   69.0223    0.23       
   5   1   9   2   19242.905  -21111.850   -1868.945    0.4931    0.4931    0.00       
   6   1   9   2    8106.774   -9975.719   -1868.945    0.8034    0.8034    0.00       
   6  -2   9   2    8029.264   -9898.209   -1868.945    0.3830    0.3830    0.00       
   7   1   9   2    3986.835   -5855.780   -1868.945    1.2303    1.2303    0.00       
   7  -2   9   2    3951.745   -5820.690   -1868.945    0.6026    0.6026    0.00       
   5   1  11  -1   19338.271  -21111.850   -1773.579    0.1899    0.1899    0.00       
   5  -2  11  -1   19100.676  -20874.255   -1773.579    0.2667    0.2667    0.00       
   6   1  11  -1    8202.140   -9975.719   -1773.579    0.4416    0.4416    0.00       
   6  -2  11  -1    8124.630   -9898.209   -1773.579    0.6135    0.6135    0.00       
   7   1  11  -1    4082.201   -5855.780   -1773.579    0.9418    0.9418    0.00       
   7  -2  11  -1    4047.111   -5820.690   -1773.579    1.3020    1.3020    0.00       
   4  -3   8   3   12613.997  -14335.597   -1721.600    0.4041    0.4018    0.80       
   4  -3   8  -4   12613.997  -14335.597   -1721.600    1.8070    1.7969    0.79       
   4   2   8   3   12613.551  -14335.151   -1721.600    1.5110    1.5021    0.84       
   5   2   8   3    6268.664   -7990.264   -1721.600    2.4518    2.3902    3.99       
   5  -3   8   3    6265.702   -7987.302   -1721.600    0.6565    0.6411    3.79       
   5  -3   8  -4    6265.702   -7987.302   -1721.600    2.9361    2.8672    3.79       
   6   2   8   3    3282.073   -5003.673   -1721.600    3.5622    3.6515    1.15       
   6  -3   8   3    3279.810   -5001.410   -1721.600    0.9568    0.9799    1.04       
   6  -3   8  -4    3279.810   -5001.410   -1721.600    4.2793    4.3823    1.03       
   5  -1  11   1   32111.900  -33690.800   -1578.900    0.0291    0.0197    0.00       
   4   2  11   1   12756.251  -14335.151   -1578.900    0.2024    0.2024    0.00       
   6  -1  11   1   11979.390  -13558.290   -1578.900    0.1085    0.1085    0.00       
   5   2  11   1    6411.364   -7990.264   -1578.900    0.5947    0.5947    0.00       
   7  -1  11   1    5800.463   -7379.363   -1578.900    0.2890    0.2890    0.00       
   6   2  11   1    3424.773   -5003.673   -1578.900    1.3991    1.3960    0.36       
   8  -1  11   1    3065.084   -4643.984   -1578.900    0.6869    0.6853    0.78       
   9  -1  11   1    1612.869   -3191.769   -1578.900    1.7315    1.7285    1.06       
  10  -1  11   1     749.569   -2328.469   -1578.900    5.7800    5.7677    0.76       
   5  -1  11  -2   32117.000  -33690.800   -1573.800    0.0528    0.0404    0.00       
   4  -3  11  -2   12761.797  -14335.597   -1573.800    0.2731    0.2731    0.00       
   4   2  11  -2   12761.351  -14335.151   -1573.800    0.0910    0.0910    0.00       
   6  -1  11  -2   11984.490  -13558.290   -1573.800    0.1823    0.1823    0.00       
   5   2  11  -2    6416.464   -7990.264   -1573.800    0.2661    0.2661    0.00       
   5  -3  11  -2    6413.502   -7987.302   -1573.800    0.7988    0.7988    0.00       
   7  -1  11  -2    5805.563   -7379.363   -1573.800    0.4653    0.4653    0.00       
   6   2  11  -2    3429.873   -5003.673   -1573.800    0.6250    0.6241    0.35       
   6  -3  11  -2    3427.610   -5001.410   -1573.800    1.8767    1.8740    0.35       
   8  -1  11  -2    3070.184   -4643.984   -1573.800    1.0785    1.0745    0.71       
   9  -1  11  -2    1617.969   -3191.769   -1573.800    2.6612    2.6536    0.69       
  10  -1  11  -2     754.669   -2328.469   -1573.800    8.6522    8.6282    0.69       
   5   1  10   2   19648.660  -21111.850   -1463.190    0.4050    0.4050    0.00       
   6   1  10   2    8512.529   -9975.719   -1463.190    0.6496    0.6496    0.00       
   6  -2  10   2    8435.019   -9898.209   -1463.190    0.3083    0.3083    0.00       
   7   1  10   2    4392.590   -5855.780   -1463.190    0.9706    0.9706    0.00       
   7  -2  10   2    4357.500   -5820.690   -1463.190    0.4705    0.4705    0.00       
   5   1  11   2   19938.150  -21111.850   -1173.700    0.3493    0.3493    0.00       
   6   1  11   2    8802.019   -9975.719   -1173.700    0.5534    0.5534    0.00       
   6  -2  11   2    8724.509   -9898.209   -1173.700    0.2620    0.2620    0.00       
   7   1  11   2    4682.080   -5855.780   -1173.700    0.8102    0.8102    0.00       
   7  -2  11   2    4646.990   -5820.690   -1173.700    0.3905    0.3905    0.00  

 4  3    7  2    -6898.682   -3410.687      2.3668      2.3435    0.0117    0.50  
 5  3    7  2    -4413.013   -3410.687     19.8960     19.5911    0.1525    0.78  
 8  1    7  2    -3855.860   -3410.687      47.6687    47.7304    0.0309    0.06 
 8 -2    7  2    -3837.010   -3410.687      21.4964    21.5225    0.0131    0.06 
 9  1    7  2    -2731.890   -3410.687      26.3301    26.6942    0.1821    0.68 
 9 -2    7  2    -2720.610   -3410.687      11.4336    11.6027    0.0846    0.73 
 4  3    7 -3    -6898.682   -3409.180       0.6315     0.6255    0.0030    0.48 
 4 -4    7 -3    -6898.708   -3409.180       2.8242     2.7973    0.0134    0.48 
 5  3    7 -3    -4413.013   -3409.180       5.2967     5.2183    0.0392    0.75 
 5 -4    7 -3    -4413.032   -3409.180      23.6864    23.3367    0.1749    0.75 
 8 -2    7 -3    -3837.010   -3409.180      64.4690    64.5494    0.0402    0.06 
 9 -2    7 -3    -2720.610   -3409.180      34.4489    34.9257    0.2384    0.68 
 4  3    8  2    -6898.682   -2469.360       1.1938     1.1849    0.0045    0.38 
 5  3    8  2    -4413.013   -2469.360       4.8474     4.8072    0.0201    0.42 
 6  3    8  2    -3062.822   -2469.360      32.8714    32.4093    0.2310    0.71 
 8  1    8  2    -3855.860   -2469.360       1.9756     1.9011    0.1238    6.51 
 8 -2    8  2    -3837.010   -2469.360       1.1474     1.1067    0.0558    5.04 
 9  1    8  2    -2731.890   -2469.360      67.0863    67.1454    0.0296    0.04 
 9 -2    8  2    -2720.610   -2469.360      30.2560    30.2800    0.0120    0.04 
 4  3    8 -3    -6898.682   -2468.347       0.3187     0.3164    0.0011    0.36 
 4 -4    8 -3    -6898.708   -2468.347       1.4252     1.4150    0.0051    0.36 
 5  3    8 -3    -4413.013   -2468.347       1.2936     1.2833    0.0051    0.40 
 5 -4    8 -3    -4413.032   -2468.347       5.7850     5.7390    0.0230    0.40 
 6  3    8 -3    -3062.822   -2468.347       8.7493     8.6315    0.0589    0.68 
 6 -4    8 -3    -3062.838   -2468.347      39.1264    38.6012    0.2626    0.68 
 8 -2    8 -3    -3837.010   -2468.347       3.3365     3.2304    0.0530    1.64 
 9 -2    8 -3    -2720.610   -2468.347      90.7233    90.8004    0.0386    0.04      
